10000 100000
10000 100001
10000 100002
10000 100003
10001 100001
10001 100002
10001 100003
10001 100004
10002 100002
10002 100003
10002 100004
10002 100005
10003 100003
10003 100004
10003 100005
10003 100006
10004 100004
10004 100005
10004 100006
10004 100007
10005 100005
10005 100006
10005 100007
10005 100008
10006 100006
10006 100007
10006 100008
10006 100009
10007 100007
10007 100008
10007 100009
10007 100010
10008 100008
10008 100009
10008 100010
10008 100011
10009 100009
10009 100010
10009 100011
10009 100012
10010 100010
10010 100011
10010 100012
10010 100013
10011 100011
10011 100012
10011 100013
10011 100014
10012 100012
10012 100013
10012 100014
10012 100015
10013 100013
10013 100014
10013 100015
10013 100016
10014 100014
10014 100015
10014 100016
10014 100017
10015 100015
10015 100016
10015 100017
10015 100018
10016 100016
10016 100017
10016 100018
10016 100019
10017 100017
10017 100018
10017 100019
10017 100000
10018 100018
10018 100019
10018 100000
10018 100001
10019 100019
10019 100000
10019 100001
10019 100002