100000 100001
100000 100019
100001 100000
100001 100002
100002 100001
100002 100003
100003 100002
100003 100004
100004 100003
100004 100005
100005 100004
100005 100006
100006 100005
100006 100007
100007 100006
100007 100008
100008 100007
100008 100009
100009 100008
100009 100010
100010 100009
100010 100011
100011 100010
100011 100012
100012 100011
100012 100013
100013 100012
100013 100014
100014 100013
100014 100015
100015 100014
100015 100016
100016 100015
100016 100017
100017 100016
100017 100018
100018 100017
100018 100019
100019 100018
100019 100000